182.9
205.7
198.1
190.5
198.1
208.3
208.3
208.3
205.7
203.2
198.1
205.7
198.1
195.6
215.9
205.7
203.2
198.1
205.7
210.8
198.1
190.5
200.7
213.4
198.1
200.7
203.2
210.8
200.7
208.3
203.2
193.0
198.1
208.3
195.6
193.0
188.0
208.3
195.6
203.2
208.3
205.7
221.0
221.0
188.0
210.8
198.1
203.2
195.6
208.3
205.7
185.4
193.0
188.0
208.3
213.4
205.7
190.5
193.0
195.6
190.5
198.1
203.2
190.5
200.7
203.2
203.2
208.3
210.8
195.6
205.7
208.3
208.3
205.7
182.9
208.3
213.4
210.8
205.7
190.5
195.6
205.7
195.6
182.9
208.3
213.4
213.4
190.5
198.1
198.1
195.6
200.7
205.7
208.3
198.1
203.2
198.1
200.7
208.3
203.2
205.7
188.0
198.1
193.0
180.3
205.7
208.3
198.1
190.5
210.8
198.1
198.1
200.7
210.8
203.2
195.6
195.6
185.4
185.4
190.5
198.1
208.3
200.7
190.5
200.7
193.0
203.2
198.1
190.5
203.2
213.4
210.8
198.1
193.0
213.4
208.3
190.5
203.2
203.2
215.9
200.7
200.7
190.5
210.8
210.8
193.0
193.0
208.3
195.6
208.3
193.0
208.3
195.6
210.8
185.4
193.0
208.3
203.2
208.3
200.7
200.7
213.4
180.3
195.6
182.9
200.7
198.1
193.0
190.5
190.5
198.1
215.9
200.7
193.0
210.8
200.7
190.5
203.2
210.8
203.2
203.2
213.4
210.8
190.5
210.8
208.3
195.6
182.9
205.7
175.3
193.0
182.9
208.3
215.9
182.9
193.0
198.1
205.7
205.7
213.4
198.1
203.2
208.3
185.4
203.2
198.1
210.8
205.7
213.4
200.7
195.6
193.0
203.2
182.9
200.7
200.7
195.6
203.2
205.7
205.7
198.1
200.7
200.7
200.7
208.3
210.8
190.5
213.4
188.0
182.9
200.7
195.6
203.2
205.7
188.0
213.4
205.7
205.7
195.6
190.5
193.0
190.5
203.2
210.8
193.0
198.1
203.2
200.7
188.0
205.7
213.4
210.8
208.3
210.8
195.6
193.0
208.3
205.7
208.3
208.3
213.4
188.0
208.3
198.1
205.7
195.6
195.6
203.2
190.5
210.8
195.6
200.7
203.2
185.4
208.3
198.1
205.7
193.0
205.7
205.7
198.1
198.1
198.1
203.2
213.4
200.7
213.4
190.5
213.4
200.7
175.3
200.7
185.4
203.2
195.6
195.6
205.7
208.3
205.7
205.7
203.2
200.7
193.0
213.4
193.0
221.0
205.7
198.1
200.7
205.7
182.9
208.3
203.2
190.5
210.8
198.1
203.2
188.0
188.0
205.7
213.4
203.2
188.0
198.1
195.6
185.4
203.2
213.4
200.7
205.7
195.6
215.9
205.7
198.1
195.6
190.5
200.7
195.6
190.5
208.3
198.1
195.6
215.9
210.8
195.6
195.6
205.7
182.9
193.0
193.0
203.2
190.5
193.0
208.3
208.3
188.0
208.3
213.4
205.7
210.8
208.3
195.6
193.0
205.7
210.8
215.9
205.7
198.1
200.7
185.4
185.4
210.8
210.8
210.8
195.6
193.0
205.7
205.7
190.5
203.2
198.1
210.8
193.0
193.0
208.3
210.8
210.8
208.3
200.7
203.2
203.2
200.7
198.1
208.3
208.3
213.4
205.7
193.0
203.2
203.2
205.7
213.4
205.7
203.2
198.1
198.1
205.7
195.6
185.4
200.7
205.7
182.9
213.4
205.7
203.2
203.2
200.7
200.7
188.0
195.6
185.4
190.5
198.1
185.4
185.4
200.7
195.6
190.5
200.7
208.3
193.0
205.7
213.4
203.2
193.0
193.0
193.0
200.7
198.1
203.2
215.9
190.5
208.3
190.5
218.4
205.7
200.7
193.0
200.7
208.3
198.1
185.4
180.3
193.0
200.7
190.5
195.6
210.8
200.7
198.1
200.7
190.5
198.1
213.4
208.3
188.0
203.2
205.7
205.7
203.2
200.7
200.7
188.0
200.7
203.2
208.3
215.9
185.4
198.1
198.1
215.9
198.1
205.7
200.7
193.0
208.3
188.0
200.7
198.1
208.3
195.6
203.2
203.2
185.4
208.3
195.6
205.7
193.0
200.7
205.7
195.6
190.5
193.0
205.7
177.8
213.4
198.1
195.6
215.9
188.0
203.2
195.6
193.0
198.1
203.2
193.0
190.5
195.6
195.6
200.7
200.7
195.6
198.1
213.4
210.8
210.8
205.7
193.0
193.0
195.6
182.9
213.4
195.6
205.7
210.8
215.9