BMXHT
88.6
94.2
158.3
175.7
158.4
150.2
151.1
170.6
172.8
178.6
147.8
170.6
159.2
174.1
157.3
160.5
154.0
154.6
170.1
111.4
145.8
154.5
161.9
188.1
173.2
167.6
179.9
162.4
142.6
147.7
143.4
137.6
170.2
116.3
183.4
135.8
178.3
187.8
154.7
107.1
158.4
157.7
133.9
153.6
151.4
161.5
178.5
160.7
174.9
156.9
158.6
150.6
166.4
149.8
181.5
169.9
156.6
164.7
174.9
124.7
172.3
97.5
161.9
176.0
165.5
150.4
157.8
163.6
138.9
161.7
154.9
164.7
156.9
86.2
155.0
162.1
169.5
173.4
103.3
165.2
160.4
153.7
157.1
168.6
176.6
164.3
173.0
177.0
162.8
179.0
90.8
166.4
162.9
176.1
157.8
186.1
166.7
164.2
174.8
155.3
168.9
161.5
158.7
176.0
143.7
162.7
161.4
113.0
159.8
159.4
174.2
161.9
87.4
161.4
186.1
171.9
172.3
126.3
161.7
163.9
166.8
126.4
177.4
180.7
171.5
84.8
163.8
125.0
165.3
165.9
156.6
171.1
164.6
155.6
149.1
171.0
165.4
165.1
176.9
100.0
147.3
165.9
176.2
93.1
172.9
154.3
171.4
86.4
171.4
176.7
158.1
158.8
159.4
127.2
174.4
150.9
178.8
162.5
129.2
118.7
131.6
164.7
172.9
137.1
174.2
167.6
177.5
145.4
167.0
178.0
162.3
181.9
147.8
149.0
118.3
174.5
163.1
155.3
158.2
166.3
154.1
172.4
169.3
173.7
162.0
165.9
121.0
160.2
160.3
176.6
176.7
168.5
174.6
192.9
133.8
154.2
123.3
147.9
188.5
151.8
155.3
172.1
156.1
166.4
171.5
168.1
178.7
158.6
175.1
163.2
153.3
166.2
167.6
169.4
89.7
162.6
169.2
146.7
160.5
150.7
159.5
161.7
171.4
167.7
166.5
92.0
171.0
175.2
173.8
172.0
159.5
171.8
163.9
166.4
168.7
186.3
151.5
181.8
161.4
162.1
168.0
173.9
173.8
157.3
171.4
143.6
160.7
146.9
117.9
170.0
163.6
163.1
158.4
157.0
153.5
101.0
161.5
102.7
159.7
159.1
166.7
158.6
156.5
158.2
159.2
129.8
165.4
162.3
160.6
155.0
183.3
118.7
164.8
174.5
119.0
159.8
173.7
170.5
163.2
92.6
159.8
138.5
103.9
148.7
165.9
166.8
166.2
193.9
173.9
140.6
159.7
144.5
160.6
145.8
167.7
162.5
169.0
169.6
167.2
178.7
167.5
157.5
168.5
170.0
162.3
171.0
143.7
171.2
155.3
104.2
156.6
172.5
165.2
135.9
161.5
158.4
145.4
175.8
154.2
124.3
88.1
176.0
151.4
166.0
181.8
183.5
128.8
169.2
166.8
173.2
135.9
90.5
173.4
163.2
160.1
158.1
118.7
148.8
159.0
185.2
149.6
153.0
147.4
171.1
189.1
170.0
151.7
173.0
160.1
163.2
155.2
158.0
132.6
123.9
162.7
180.3
140.6
165.0
159.2
93.9
85.7
162.5
159.0
187.9
167.4
165.3
163.7
173.5
160.6
168.5
173.0
165.9
155.0
160.4
180.0
123.4
163.7
169.1
174.5
177.1
156.2
163.2
140.4
153.3
152.9
163.3
169.4
178.2
113.9
103.5
173.5
157.4
88.9
165.3
167.3
162.5
173.1
160.8
151.1
145.7
178.0
150.9
148.4
161.8
151.0
176.7
177.3
156.9
177.4
159.4
142.1
174.5
168.7
157.8
170.4
97.9
139.8
94.5
153.1
148.8
170.4
162.1
145.7
172.0
166.3
133.4
156.4
158.2
186.1
133.8
99.4
167.0
144.7
158.3
175.3
91.8
154.0
168.8
132.5
156.9
147.4
155.4
165.6
155.4
166.8
189.9
96.0
153.5
169.3
166.7
160.4
176.1
162.8
148.5
159.6
162.0
186.5
113.6
155.6
165.3
154.0
90.3
167.0
175.4
142.4
130.2
168.3
152.3
162.9
184.8
175.9
147.6
164.0
120.4
183.7
160.5
151.6
174.6
170.0
164.6
166.7
172.1
161.8
163.6
166.7
162.0
171.3
160.0
132.3
177.0
136.7
146.5
182.6
166.6
147.0
164.6
183.3
176.8
123.3
171.0
159.1
153.3
170.2
153.6
162.1
170.5
177.9
161.6
173.3
180.6
153.7
151.2
162.9
168.3
143.3
171.1
163.6
162.5
172.7
174.6
165.0
178.2
154.5
147.2
162.7
176.2
152.5
157.4
179.9
165.5
166.2
151.7
159.9
179.7
167.2
152.2
170.2
147.2
141.4
165.1
173.1
168.5
182.0
171.8
131.3
101.1
172.4
179.3
163.9
159.6
160.7
159.0
147.0
169.6
156.1
130.3
154.5
107.8
160.9
166.6
172.9
119.1
162.5
187.7
178.7
160.3
172.1
124.6
174.9
175.6
163.9
171.4
166.1
163.5
159.3
145.0
90.7
182.1
137.5
164.7
178.9
153.5
157.9
166.3
164.1
176.6
131.4
160.7
91.6
145.8
175.8
158.8
156.3
159.7
170.9
181.7
150.4
157.9
173.9
163.4
165.1
114.1
165.6
161.4
163.5
165.4
100.8
155.0
182.0
166.4
157.4
170.6
156.2
167.2
152.1
114.8
162.8
151.6
115.0
156.6
159.1
165.7
161.5
173.4
173.8
151.6
175.3
157.2
174.6
169.8
168.0
177.7
95.4
153.6
135.5
162.9
143.6
91.6
167.0
159.3
157.7
155.2
164.2
178.5
172.1
171.7
161.8
180.5
158.6
174.9
175.6
117.0
169.0
157.5
173.6
174.0
165.7
165.6
175.8
179.6
105.2
166.4
144.0
159.2
164.6
177.9
160.6
153.7
156.1
151.9
162.1
183.4
185.4
161.6
163.3
170.1
161.3
111.9
162.4
183.6
141.5
170.8
151.7
163.6
155.5
124.1
162.0
154.2
160.1
119.3
176.7
179.2
159.3
112.2
157.3
165.3
128.6
168.2
138.7
98.1
96.1
168.6
158.2
160.6
168.7
162.8
153.3
173.6
191.1
124.1
152.3
167.6
151.7
168.2
158.2
128.6
155.4
92.1
126.3
148.3
158.9
169.0
178.3
123.4
175.2
158.2
157.9
180.7
164.2
162.3
180.6
157.7
157.6
155.1
160.7
153.8
148.6
164.8
165.8
155.4
164.8
164.1
161.8
180.0
164.0
151.3
101.1
170.6
163.1
156.4
150.6
174.2
164.4
116.1
156.8
147.7
164.1
171.1
107.7
184.3
137.2
154.6
168.4
176.8
161.1
152.7
166.6
167.4
153.9
153.5
184.7
161.4
159.0
175.9
168.1
171.7
108.4
168.1
149.0
121.6
165.1
158.6
130.7
183.2
146.8
178.0
163.5
184.2
175.8
107.1
111.0
164.1
176.9
95.6
115.7
121.7
170.6
176.4
183.4
182.9
161.9
154.4
153.2
135.6
157.6
165.0
162.2
103.8
176.5
174.3
131.0
102.1
166.5
159.4
173.4
180.7
157.0
81.3
92.9
183.9
163.8
165.8
153.8
152.5
101.7
133.4
116.7
177.8
98.5
151.5
171.6
160.3
95.4
176.4
163.3
148.1
174.3
157.9
155.5
142.9
164.0
97.2
121.7
144.6
125.3
170.7
157.4
160.2
165.5
176.8
130.3
127.7
189.3
169.9
106.6
157.4
165.3
167.5
171.2
165.3
171.9
173.9
172.2
164.7
164.2
172.5
158.0
168.9
161.9
85.8
96.9
175.3
165.4
158.4
169.1
159.7
135.0
147.7
174.2
168.1
149.3
168.5
147.8
161.6
173.2
181.9
119.9
183.0
159.6
159.4
100.8
165.0
123.8
96.9
159.8
166.3
171.7
153.0
174.3
146.2
169.2
169.0
159.4
102.3
184.3
153.0
172.6
176.3
135.8
130.6
167.4
107.2
175.9
155.3
96.2
139.6
159.7
190.1
179.2
158.8
160.8
156.8
160.4
130.6
173.4
154.2
155.6
148.3
177.0
107.1
160.1
164.3
187.4
169.5
172.0
176.7
171.3
168.4
164.9
177.7
166.7
157.7
159.3
167.4
155.5
141.4
171.4
165.4
129.7
162.6
157.8
93.2
165.0
164.7
173.2
158.2
127.2
164.0
167.8
160.0
153.3
155.9
115.7
176.4
166.4
164.0
176.4
161.1
161.9
163.5
184.1
175.2
168.0
153.5
147.6
161.4
153.0
156.4
185.5
152.7
85.8
124.3
166.3
132.9
88.7
145.6
167.0
160.1
166.7
157.1
162.5
156.1
154.0
105.0
161.3
157.5
152.5
107.3
177.0
104.3
165.8
160.0
165.1
140.4
173.6
154.1
168.7
159.0
171.7
161.0
159.2
168.7
151.9
163.3
167.8
171.9
151.0
185.1
187.0
90.7
166.0
178.5
172.5
165.6
176.7
150.3
171.9
171.5
175.1
165.5
158.3
186.0
124.1
182.2
171.6
162.2
147.9
148.5
171.5
162.5
184.3
165.0
181.3
173.5
165.3
101.9
153.9
161.0
157.3
158.5
152.1
185.4
117.3
161.0
164.4
151.3
171.1
180.4
176.4
141.6
139.6
149.5
150.0
161.1
142.7
180.7
111.8
152.5
151.1
169.8
172.3
158.1
142.9
171.8
154.4
136.7
170.5
155.9
161.7
159.1
152.4
163.6
156.5
178.0
154.1
185.5
149.3
179.2
116.2
158.6
181.3
188.5
121.5
141.4
148.2
155.6
155.3
171.7
157.1
175.3
155.1
174.0
186.5
171.5
157.2
161.3
169.7
184.8
163.5
195.0
182.4
168.4
142.7
171.6
109.9
161.9
168.5
159.0
106.2
165.8
156.7
168.3
165.6
158.7
163.3
175.9
179.0
194.5
88.2
144.4
147.0
170.0
159.1
175.9
98.5
150.6
160.3
170.8
185.8
170.8
146.5
162.1
145.3
170.9
162.0
178.7
177.1
111.5
175.5
113.9
178.3
147.6
112.9
162.3
146.2
176.2
183.7
185.1
149.3
178.5
165.5
173.9
169.1
152.6
154.7
158.3
188.4
181.8
163.9
123.3
160.3
168.5
144.1
153.9
164.8
158.9
162.3
163.7
187.4
176.8
92.0
128.5
184.1
165.3
170.9
164.7
182.3
171.3
171.4
160.4
177.9
144.9
172.4
164.7
168.2
167.5
158.0
161.1
158.3
172.9
173.0
149.2
167.3
163.3
163.0
157.1
173.1
102.9
164.3
142.5
171.3
105.2
127.7
122.9
148.9
173.0
171.1
167.5
146.8
163.9
143.3
151.5
179.9
161.4
177.7
150.6
164.8
159.6
156.5
179.2
92.3
171.8
166.0
119.4
149.3
95.0
161.1
162.6
155.8
160.7
170.1
157.1
171.7
126.1
170.0
130.2
150.6
122.3
152.8
176.6
113.4
159.1
172.3
151.1
163.6
178.0
130.8
115.0
172.3
133.5
169.1
153.1
163.0
100.1
154.2
110.8
138.3
78.3
161.5
153.0
157.0
153.7
175.2
158.4
139.0
165.1
93.4
169.3
156.5
152.9
172.4
159.4
185.3
169.4
161.3
154.7
172.8
145.4
163.4
168.5
155.1
170.5
158.2
145.1
155.0
161.6
106.7
178.7
172.8
157.4
158.4
170.3
158.4
144.1
149.8
169.4
155.9
143.7
170.6
142.7
173.8
169.1
178.7
163.5
161.8
153.3
155.2
173.5
178.4
152.4
165.8
163.1
171.4
170.0
174.9
151.8
103.0
170.8
172.1
163.8
172.0
98.7
161.4
127.7
154.2
156.8
154.7
168.7
166.4
138.3
138.3
175.8
175.8
180.4
147.7
157.5
97.3
150.5
177.1
177.2
155.9
152.8
153.9
164.5
127.6
157.9
164.8
169.1
162.0
191.3
134.6
85.6
161.7
157.6
157.5
172.9
173.2
176.9
158.8
165.8
160.1
154.5
160.5
177.5
177.0
126.5
148.5
180.9
162.9
160.9
180.1
168.1
174.4
153.5
164.6
122.8
175.9
153.9
115.3
155.6
162.4
168.4
147.6
114.3
107.9
136.8
165.6
114.4
168.8
172.8
173.1
124.9
146.5
165.1
86.8
157.1
97.4
177.1
166.2
107.1
172.9
150.5
168.3
159.6
144.0
155.6
183.0
105.6
165.5
152.7
176.5
177.8
179.8
167.7
178.0
152.1
166.9
175.1
141.8
147.2
167.7
159.9
132.1
157.6
173.0
163.7
149.4
162.0
157.9
163.8
174.6
155.2
162.8
166.4
133.8
165.6
160.2
157.4
155.3
86.8
166.3
166.2
150.9
170.7
158.4
155.4
168.0
116.2
126.5
179.5
171.7
161.4
169.4
131.9
178.2
163.2
172.7
177.7
170.7
166.8
102.2
168.3
179.3
160.4
174.3
145.5
170.5
154.6
170.8
150.6
163.2
176.2
96.7
163.2
113.0
147.4
194.0
158.8
151.7
167.7
133.0
122.7
169.0
175.8
179.4
174.1
175.9
153.9
162.3
166.2
180.9
168.4
150.8
165.0
170.8
165.5
187.9
174.2
173.6
155.3
97.9
161.2
163.5
158.8
146.9
161.7
156.5
168.6
173.8
154.1
162.1
168.5
160.1
165.4
166.9
176.4
101.1
170.8
167.2
172.6
162.7
128.2
158.4
144.9
174.3
161.3
117.4
101.8
167.9
103.5
150.0
182.0
151.6
181.9
177.0
99.5
165.5
172.6
184.1
159.7
138.1
133.5
162.6
153.0
163.5
170.9
172.4
154.2
171.3
175.6
167.9
177.9
163.0
133.5
173.0
88.5
156.4
164.6
163.5
166.6
149.3
120.1
181.9
165.1
159.8
174.6
155.9
171.0
165.7
97.2
193.1
165.2
154.2
105.8
175.5
190.0
172.2
177.9
158.9
95.9
164.5
164.6
133.4
143.9
168.1
154.1
170.1
166.3
177.6
166.9
158.7
189.6
160.2
166.5
181.1
155.0
160.5
158.0
157.7
178.1
163.0
163.1
172.1
179.3
155.3
178.1
138.3
114.1
189.4
131.4
180.0
182.8
159.7
158.9
171.9
173.0
146.5
171.3
166.8
166.0
160.6
84.1
161.4
168.9
176.1
176.5
178.1
155.8
156.1
153.4
148.8
160.8
157.8
136.9
180.9
161.2
170.6
168.7
159.9
170.6
150.3
167.3
185.3
176.6
163.0
159.3
175.4
174.1
186.0
168.8
168.1
102.8
169.7
95.4
184.8
170.0
172.8
155.0
151.6
177.2
181.0
134.3
85.5
167.1
159.7
175.5
167.4
173.4
117.6
163.7
167.4
152.7
177.2
159.0
166.2
159.3
152.2
157.9
181.6
126.2
151.6
171.3
153.9
169.4
176.8
165.0
161.9
179.5
154.3
150.1
136.2
177.2
167.1
91.0
159.7
108.6
164.6
183.6
167.2
190.9
188.4
180.0
131.4
151.2
176.3
188.0
175.7
170.7
100.1
165.6
161.3
96.9
151.8
183.5
166.2
185.4
167.6
168.9
136.2
173.1
177.1
151.0
155.9
100.9
164.7
170.4
168.9
173.6
129.7
176.6
169.4
153.3
87.3
153.5
159.1
151.6
160.8
148.8
132.7
157.5
180.4
163.1
179.8
123.5
103.5
185.5
153.4
174.8
158.9
147.7
181.0
163.5
153.8
153.7
177.1
172.5
173.0
167.8
147.2
164.6
152.9
103.9
184.1
167.5
161.5
148.8
153.5
149.1
185.1
159.1
137.2
188.2
166.8
126.3
113.5
163.2
136.5
160.1
164.1
122.6
137.2
180.9
157.1
111.2
109.1
168.1
176.1
162.9
175.6
168.8
174.5
147.6
178.5
162.1
183.6
169.8
127.3
157.7
163.9
171.7
163.5
182.6
171.6
163.7
157.1
161.7
134.0
155.3
160.7
161.1
167.5
151.4
101.7
162.6
169.4
112.3
172.9
114.0
180.1
163.9
166.0
160.5
172.5
150.7
170.9
111.8
105.0
159.4
168.0
97.2
141.1
173.1
180.0
126.0
141.6
161.4
163.9
157.0
83.3
151.0
171.6
152.5
172.6
103.0
181.8
162.0
165.9
180.1
176.2
162.3
175.6
149.4
175.8
152.5
150.5
176.8
169.3
171.9
118.1
159.3
166.2
159.5
157.3
164.8
93.0
167.8
179.8
129.8
174.0
125.1
169.5
150.7
171.7
156.5
163.2
163.4
165.5
157.5
185.7
117.6
174.4
176.5
164.8
162.4
132.7
157.6
159.2
156.6
161.2
160.7
161.4
177.9
185.1
168.7
113.9
165.8
160.4
161.9
122.5
164.8
172.4
166.1
158.4
185.5
167.6
113.9
164.9
126.5
139.8
160.4
175.2
177.7
160.4
177.7
113.5
161.6
164.4
180.7
95.8
153.7
173.2
165.1
108.3
160.6
173.3
121.5
170.0
155.5
182.2
163.6
160.5
169.8
163.8
182.2
129.6
109.7
174.4
146.7
172.9
97.2
157.6
160.5
160.6
146.5
121.7
143.5
174.1
156.1
165.1
165.1
134.6
159.8
93.6
108.9
124.9
172.6
154.0
92.1
170.8
120.2
181.5
169.7
172.5
165.6
164.0
184.1
84.1
164.8
168.0
165.3
99.0
179.1
122.0
162.7
178.9
109.5
157.5
186.9
123.9
152.6
95.6
154.5
103.1
148.1
167.9
178.4
184.6
174.5
121.4
170.3
156.8
126.7
176.9
165.6
171.1
164.2
167.5
174.4
158.2
160.1
158.4
147.8
166.0
156.5
161.9
190.7
181.7
171.9
158.1
152.6
186.0
172.4
146.3
178.8
100.7
174.1
162.6
193.9
160.2
162.0
173.9
159.0
149.4
157.0
142.9
165.2
155.2
186.5
129.0
156.3
135.3
165.2
183.2
170.9
154.5
159.8
178.9
157.0
166.6
173.4
159.4
137.1
173.0
119.0
124.6
163.6
114.8
104.3
133.9
160.7
165.1
164.8
158.1
152.0
147.8
176.9
140.4
130.3
166.7
161.6
174.4
153.3
169.0
159.0
167.0
130.7
167.4
148.1
92.0
171.4
172.7
174.1
156.1
137.7
189.3
154.8
170.2
179.4
172.9
168.0
173.1
174.3
171.4
152.6
171.9
156.8
170.4
180.0
179.6
175.3
158.4
168.3
159.2
164.2
163.2
136.5
161.6
132.5
150.9
167.7
87.3
161.7
163.4
86.6
180.1
172.3
161.2
139.7
155.1
156.5
165.9
109.8
180.5
185.8
119.1
170.6
105.0
185.1
185.2
154.7
154.7
161.9
159.8
172.6
162.9
161.8
157.4
104.5
169.9
158.8
169.0
184.2
89.6
153.6
174.5
172.3
161.9
134.2
105.3
172.0
140.5
178.7
145.7
163.6
143.3
163.0
145.6
151.3
149.2
142.5
157.5
156.5
161.8
153.5
159.8
128.7
170.7
109.7
160.0
179.1
178.4
109.1
167.0
164.6
149.1
176.0
144.9
157.4
192.3
161.7
152.0
149.1
143.4
100.9
174.3
163.2
166.3
161.5
129.6
147.8
144.7
111.8
97.0
178.3
134.9
102.3
89.7
89.4
174.8
169.5
160.6
160.9
168.2
172.3
158.7
179.5
184.9
161.4
171.9
166.5
120.8
175.3
127.3
147.0
170.9
80.0
137.4
172.5
176.2
180.3
156.0
160.8
177.0
154.1
157.4
161.0
169.3
160.6
151.6
155.6
160.3
153.5
118.7
155.6
172.6
114.6
151.2
176.7
98.0
155.1
124.3
136.8
169.1
157.1
144.8
166.7
151.2
162.6
148.9
180.0
159.3
173.8
158.2
163.1
180.0
121.0
156.2
159.1
173.8
182.1
179.4
167.9
154.5
154.6
178.8
170.1
159.3
165.6
103.5
165.1
173.2
171.0
154.5
166.8
178.4
172.2
117.8
195.5
169.9
163.1
140.2
156.8
165.2
154.6
154.0
170.9
154.9
155.1
90.2
162.2
176.0
172.4
161.2
170.0
168.4
147.5
168.7
148.2
175.9
139.2
157.6
166.1
183.6
179.0
151.3
142.0
178.9
170.4
178.1
163.4
171.6
117.8
160.5
137.4
156.2
172.3
159.7
164.6
187.7
171.0
170.0
173.4
172.6
92.2
149.5
174.6
151.1
156.2
168.0
159.9
136.8
107.1
165.6
154.2
183.4
157.9
172.0
164.9
161.5
180.9
177.6
163.5
170.6
151.7
154.3
128.0
175.8
176.0
102.6
169.0
154.9
159.9
175.5
101.7
152.4
185.8
173.8
164.1
177.7
128.5
184.7
144.4
190.2
166.2
171.9
165.1
180.2
168.6
153.1
147.9
162.1
142.7
163.5
167.8
150.6
179.8
176.4
172.4
156.1
162.9
161.2
178.7
157.4
151.4
172.5
155.8
162.4
125.5
172.3
160.7
160.7
96.7
143.1
179.2
88.7
174.4
158.4
181.9
165.3
167.8
162.4
164.2
150.0
160.6
159.5
150.8
185.7
154.9
181.6
110.1
87.6
96.9
164.4
176.9
160.3
170.6
155.9
154.3
152.7
166.0
197.7
114.8
161.1
156.1
180.3
166.7
176.6
168.6
164.4
161.0
185.9
149.1
169.0
174.9
154.8
174.9
186.2
164.5
150.4
157.0
154.8
105.3
135.7
118.2
173.2
168.0
143.8
163.9
171.1
158.9
153.6
165.3
168.0
150.1
158.6
185.2
160.0
177.4
174.7
180.9
159.1
167.3
160.5
168.0
152.9
154.0
117.1
172.1
163.8
166.8
127.4
172.2
125.5
165.8
130.7
97.3
161.8
174.7
159.2
108.8
130.0
151.9
154.8
139.1
160.8
119.3
168.6
159.6
170.1
165.4
176.6
162.3
171.5
175.0
163.0
171.1
177.2
192.5
184.8
182.8
167.5
160.7
173.3
184.9
136.7
154.5
168.8
183.7
89.7
168.8
166.3
139.7
161.4
143.5
165.8
155.3
170.1
123.5
169.1
144.8
178.0
139.3
174.4
171.1
158.2
172.6
161.8
175.8
157.5
156.1
153.6
170.4
177.4
180.3
151.4
170.2
105.2
158.6
167.7
155.8
168.4
179.3
164.1
184.8
172.4
160.8
157.4
154.4
112.2
125.1
175.8
166.8
165.9
124.8
166.6
172.9
94.8
159.6
167.3
169.0
166.9
179.5
171.0
173.4
175.6
177.5
171.8
161.3
97.2
164.2
186.5
175.3
159.9
109.3
190.5
159.6
92.0
163.0
165.9
165.0
181.9
163.9
173.4
169.0
166.3
184.8
157.6
181.8
175.0
174.8
167.0
164.9
163.4
167.7
165.2
159.7
152.6
162.8
173.0
117.7
180.4
168.1
165.3
163.6
126.2
167.7
146.1
162.8
156.7
179.0
155.9
98.9
110.5
174.1
153.8
181.0
156.3
179.8
180.5
173.6
156.3
172.4
166.4
160.6
166.0
174.2
165.9
162.4
160.7
156.5
168.6
101.0
159.9
169.7
167.6
167.0
172.9
163.2
129.6
156.4
177.1
157.8
121.7
115.9
151.5
169.8
180.7
152.6
154.7
106.7
168.1
160.3
174.4
176.2
158.2
185.2
167.1
160.9
188.7
150.3
134.2
146.1
160.2
176.4
148.7
163.2
178.9
166.4
178.3
124.2
135.5
174.7
161.8
160.5
161.4
174.7
158.3
158.7
117.6
153.9
159.8
163.2
185.0
182.0
184.0
128.0
158.5
160.1
163.1
164.4
151.1
164.5
175.1
128.0
186.2
131.0
180.4
174.2
171.5
114.8
106.6
108.2
174.6
163.3
171.9
112.7
176.2
153.1
159.6
157.5
178.2
178.1
164.0
156.0
183.0
114.3
187.0
178.7
170.4
173.5
97.7
176.8
172.2
148.7
165.3
181.2
108.4
172.3
171.1
168.1
164.4
128.4
163.0
171.6
173.6
173.3
161.1
168.7
176.7
113.7
161.0
159.7
154.8
172.7
151.2
169.2
162.2
158.0
111.4
148.2
167.5
163.3
165.3
171.3
183.2
109.5
172.5
165.7
109.9
162.1
179.9
172.5
98.6
158.1
161.8
164.6
166.2
168.5
179.4
164.1
165.9
146.7
160.3
168.2
152.5
105.7
111.0
175.9
179.2
149.3
170.7
176.2
159.5
157.4
171.2
169.3
179.6
162.0
156.5
169.8
170.3
130.7
94.9
172.3
171.6
151.5
145.2
103.3
191.8
149.8
107.9
191.9
155.1
98.9
136.2
135.5
177.9
178.3
133.7
176.6
170.4
185.6
176.4
159.0
123.4
173.2
135.9
167.8
160.6
165.1
130.4
167.7
156.6
158.0
159.2
155.4
158.5
125.7
160.2
173.9
159.6
176.8
124.1
165.1
153.5
173.3
160.3
169.7
173.2
130.2
163.5
174.0
169.7
173.8
156.8
124.0
167.9
164.5
160.8
157.7
167.4
164.9
153.2
171.0
168.7
92.6
154.5
172.2
117.1
180.5
157.1
171.0
178.4
166.4
170.1
153.4
98.9
159.9
175.5
105.2
161.5
182.6
177.6
114.0
161.3
136.4
157.7
90.2
181.5
141.0
104.3
181.6
155.9
106.0
125.4
160.3
167.9
157.7
164.4
162.6
108.0
156.8
103.1
155.6
165.6
164.5
184.4
158.8
155.7
171.4
161.6
155.1
154.4
182.2
168.7
160.6
169.6
182.3
153.0
162.0
164.1
177.1
177.6
163.8
166.2
157.0
160.9
170.2
160.9
155.0
127.8
189.1
130.6
159.0
176.9
162.0
164.4
126.1
102.7
180.5
175.1
162.5
160.2
150.7
184.8
170.2
108.7
171.3
165.1
186.8
168.1
94.3
158.0
168.7
153.0
84.3
162.4
184.3
163.9
167.1
125.4
150.9
132.2
184.4
149.8
139.0
157.3
174.8
154.6
161.3
160.6
167.7
172.9
155.1
171.0
88.7
157.1
171.9
169.5
182.7
160.3
183.9
164.9
162.1
132.7
182.2
160.2
93.2
175.7
168.0
159.2
151.1
172.8
97.8
149.5
170.5
167.8
161.4
159.9
182.0
90.4
178.0
149.6
165.5
175.5
167.0
156.9
176.2
160.5
172.5
167.3
165.2
156.4
166.3
184.0
157.3
154.2
152.2
104.3
155.7
173.4
120.6
163.7
171.9
96.2
180.6
158.6
176.2
121.0
163.6
155.5
178.0
168.8
156.6
157.2
167.2
163.1
133.6
155.2
122.9
166.5
150.7
117.8
152.3
164.3
149.9
156.9
159.1
176.0
163.0
166.3
146.4
182.1
157.2
177.7
157.0
153.9
181.3
162.9
154.7
157.4
171.2
179.0
175.0
116.9
155.7
183.4
182.4
162.3
176.7
170.3
120.0
151.8
150.7
161.7
172.3
142.4
140.9
170.4
156.3
181.7
155.4
157.3
99.4
182.3
157.9
140.1
155.5
178.8
157.5
161.1
168.1
171.2
159.1
125.7
170.2
171.7
163.3
173.9
138.3
165.7
177.6
120.7
179.1
148.7
162.4
189.0
171.6
155.3
162.8
170.9
173.2
152.4
155.5
161.4
153.1
184.1
165.8
164.0
153.5
133.4
180.2
117.1
151.9
156.3
140.7
165.9
171.3
172.6
166.0
153.1
170.0
167.9
165.1
156.1
166.7
89.9
163.0
91.2
161.7
149.4
142.7
173.8
153.0
92.6
85.7
151.5
157.8
183.1
174.3
140.0
126.5
161.1
176.1
161.8
172.0
169.5
90.5
95.5
109.7
166.9
151.5
165.1
163.2
173.2
178.1
164.1
174.7
149.3
159.7
157.9
177.2
169.7
146.3
164.1
177.8
98.2
156.2
163.1
156.3
158.9
152.7
165.0
170.7
174.4
143.2
134.6
160.6
146.5
163.8
105.1
156.2
155.7
134.9
156.6
164.6
170.7
163.8
151.1
165.3
163.0
166.5
172.1
187.9
183.9
106.4
164.3
154.0
150.6
168.4
146.0
154.1
162.0
165.9
159.3
169.5
177.4
165.5
168.9
166.9
174.4
177.8
167.6
185.5
148.2
182.1
136.7
158.9
181.7
172.5
154.6
162.7
104.0
182.6
176.2
166.4
171.5
167.5
112.9
159.5
148.6
160.7
170.2
134.1
102.5
124.4
162.0
171.6
173.1
151.8
154.4
175.8
140.3
109.4
162.6
131.7
157.4
157.0
155.3
178.3
115.5
160.3
157.9
161.9
173.3
100.6
138.1
166.2
172.4
174.5
157.2
185.3
103.8
109.8
173.6
165.8
143.2
100.4
131.7
181.4
122.9
166.8
166.5
178.6
164.3
152.1
162.7
165.1
161.2
155.0
132.1
154.9
169.7
104.7
171.1
164.8
117.7
167.7
161.5
175.1
183.2
106.5
144.8
175.0
156.3
131.0
154.5
170.1
166.0
171.4
154.4
147.2
159.6
87.6
160.0
160.7
179.0
183.0
168.2
156.4
145.3
163.0
89.3
167.4
99.7
179.3
87.8
130.7
162.2
146.8
178.2
155.8
111.2
154.5
163.8
143.4
144.7
153.8
170.9
154.9
160.7
166.1
113.4
172.4
181.8
114.9
160.1
179.0
169.2
163.2
178.4
161.6
160.6
173.8
159.5
157.0
182.7
113.1
153.6
166.1
176.4
176.8
156.7
165.2
169.2
154.1
180.1
93.9
128.4
174.7
150.3
111.4
163.4
151.9
161.4
163.5
162.1
175.0
160.3
156.9
161.8
173.0
176.4
131.1
146.8
180.2
167.8
182.8
165.9
175.8
180.6
158.8
153.7
169.6
168.0
147.3
157.8
84.7
167.1
175.3
128.6
167.3
168.4
137.4
135.8
174.7
153.0
166.3
175.4
166.7
157.5
179.1
163.4
158.0
156.3
161.8
173.8
90.2
162.8
152.3
159.6
172.2
166.9
176.5
181.2
115.7
100.9
88.2
176.0
178.1
171.7
158.6
163.6
144.7
157.9
146.8
165.0
149.7
175.9
163.5
166.6
165.6
152.7
151.6
176.5
168.4
161.9
167.0
164.1
174.0
137.0
148.9
164.8
157.0
144.6
171.2
97.3
188.0
162.1
116.9
161.1
116.4
163.1
87.0
92.8
166.9
158.6
174.7
164.1
167.0
145.9
150.4
143.9
164.9
160.8
121.8
152.3
115.1
118.2
155.0
162.7
167.9
134.4
156.2
168.3
163.0
166.5
163.0
155.0
181.5
192.9
156.9
105.5
184.9
169.3
159.1
150.8
170.2
171.6
126.1
168.9
160.3
105.4
146.9
167.1
165.9
164.9
153.2
170.2
174.7
168.9
183.8
168.3
165.3
175.0
155.0
190.8
179.5
159.4
153.9
147.2
176.4
138.8
177.1
161.4
168.6
160.1
162.1
177.0
166.8
182.0
166.6
161.2
173.9
152.7
173.2
195.5
155.6
154.2
160.9
153.9
154.9
165.0
166.3
167.7
171.8
156.2
188.4
161.7
160.6
162.3
175.6
163.5
169.0
158.5
169.3
149.4
174.6
158.7
158.7
124.9
171.0
163.8
175.0
165.6
166.3
176.6
158.3
168.5
143.4
172.1
185.6
166.6
161.4
165.9
157.3
178.4
176.6
167.5
179.3
170.1
116.9
103.7
170.6
165.3
155.4
186.5
187.5
154.5
138.8
165.0
133.8
154.1
155.9
86.5
123.5
162.6
171.9
97.2
174.7
171.1
162.1
175.7
174.3
165.1
108.0
158.8
164.2
137.3
171.7
169.7
165.5
147.0
173.4
143.0
158.8
158.9
114.6
148.3
172.6
150.7
159.0
140.6
120.4
166.6
105.5
162.3
176.5
175.7
137.8
177.5
121.5
170.2
138.2
148.4
154.4
126.2
168.8
147.9
163.2
119.9
166.0
162.6
166.7
99.8
159.5
141.0
142.4
169.4
151.4
161.4
179.3
157.2
168.2
180.6
181.0
173.8
161.1
176.1
163.6
133.5
167.0
161.7
159.4
140.3
98.6
118.3
155.9
151.0
165.0
164.6
113.6
126.2
160.5
174.2
160.4
169.1
143.9
183.5
163.9
174.5
156.1
168.7
171.7
169.6
158.6
167.8
177.9
158.8
158.7
153.9
146.2
163.0
160.4
172.9
161.8
159.6
153.0
166.5
142.5
149.4
171.5
165.4
165.0
167.6
181.7
174.8
182.0
169.1
151.1
152.1
155.1
178.6
166.3
167.8
141.9
105.2
163.2
180.5
177.2
174.8
167.3
112.8
159.2
165.9
130.5
164.8
165.6
163.4
179.2
159.9
164.4
117.7
152.4
172.8
143.3
153.5
112.0
157.3
116.4
165.5
168.2
161.5
175.5
185.4
172.6
157.8
169.1
152.9
100.7
155.1
103.7
170.2
175.5
166.3
179.6
180.5
136.5
162.4
153.7
155.5
173.5
102.5
130.9
155.7
155.9
150.9
183.3
177.9
168.3
176.1
163.6
155.6
112.5
155.2
158.8
152.4
141.5
177.6
150.5
160.9
164.8
174.0
159.4
170.8
134.3
163.9
185.8
164.6
175.1
175.5
178.5
157.6
93.2
160.3
176.9
153.8
85.8
108.9
167.3
121.8
143.9
89.2
175.0
90.9
175.5
150.4
118.1
163.5
164.0
161.2
164.1
152.2
179.0
129.1
147.4
102.4
162.5
123.8
155.7
147.6
152.4
178.5
109.8
182.2
171.3
170.4
157.3
175.0
98.0
149.1
173.5
159.9
179.3
171.7
91.7
167.0
159.1
105.0
113.6
142.7
125.4
168.0
165.7
173.7
171.7
112.9
170.3
152.5
141.0
157.9
167.5
157.3
175.4
140.8
167.3
163.3
155.8
169.4
172.6
85.6
149.7
165.5
157.1
172.6
181.3
186.1
161.6
160.9
166.0
123.1
175.9
154.4
129.9
154.4
127.2
181.6
117.2
161.0
149.5
166.4
160.9
177.2
117.6
173.6
152.7
162.9
173.9
144.2
161.2
149.0
169.6
163.6
181.4
165.7
84.4
107.8
162.8
142.8
166.4
168.2
142.8
171.0
163.7
88.2
144.6
183.1
171.3
166.8
166.1
163.3
171.9
182.9
165.1
188.1
168.1
183.3
190.1
170.5
160.8
184.5
162.0
159.1
170.9
165.0
118.3
182.7
179.7
167.2
178.9
153.0
181.5
148.6
157.0
163.7
151.1
155.7
142.7
105.1
145.1
146.4
166.5
178.4
173.0
168.9
169.3
131.2
120.0
117.7
153.8
185.0
189.5
172.1
149.9
93.9
155.3
163.0
168.8
185.9
165.3
175.2
115.4
176.6
139.3
177.0
161.0
167.5
173.5
171.6
163.3
165.7
175.3
135.5
159.2
101.8
126.7
162.2
126.8
161.4
113.3
148.2
143.9
165.2
170.8
91.5
164.8
169.1
166.9
151.5
106.9
171.0
142.2
157.0
160.3
138.6
158.8
170.1
163.0
163.2
166.6
155.8
156.4
164.4
163.8
163.2
157.8
166.0
124.0
175.0
171.8
149.5
185.2
100.6
162.9
91.3
164.5
176.0
172.5
163.8
148.6
157.2
174.7
156.4
153.6
169.5
172.8
178.0
119.3
163.8
169.1
156.4
168.4
128.8
151.8
169.7
179.2
132.7
169.0
119.7
158.7
155.0
166.4
178.8
161.9
163.3
163.6
96.9
174.0
176.2
168.8
163.1
135.8
168.8
117.4
116.2
178.4
180.1
170.5
167.3
175.8
155.7
165.7
177.9
174.7
122.3
155.5
145.6
166.6
172.7
143.1
158.5
157.4
171.2
170.9
115.6
122.9
162.1
162.9
150.0
176.4
151.1
163.6
162.3
153.4
168.3
140.7
169.6
148.3
177.9
184.2
171.8
139.1
106.0
163.8
89.9
140.6
166.1
155.3
161.5
110.0
159.0
152.8
174.2
145.5
171.2
185.6
163.8
164.2
182.4
134.8
170.0
165.8
171.1
156.8
121.5
156.0
177.3
113.6
157.9
174.5
164.3
157.7
96.4
154.6
171.3
163.7
164.1
154.6
161.8
166.1
169.6
164.1
155.5
173.1
125.9
179.2
120.7
164.8
111.0
171.8
174.8
175.7
160.5
158.6
163.0
170.5
165.7
122.6
158.9
96.7
159.7
159.7
162.4
94.1
143.5
181.8
170.7
154.5
95.6
166.4
180.1
157.9
151.1
174.7
142.2
131.4
164.0
170.9
159.2
157.0
165.0
176.1
166.0
158.5
150.2
147.6
155.2
160.4
171.9
174.7
159.1
163.9
173.6
180.6
143.1
154.4
161.1
179.4
94.7
135.7
161.1
95.3
163.4
176.0
176.3
167.4
159.1
89.4
167.4
149.9
169.8
161.7
171.4
152.4
92.1
95.2
154.7
149.6
157.0
98.2
164.2
160.2
163.0
164.7
156.4
141.8
133.2
155.4
157.9
180.8
163.6
159.3
170.2
180.4
168.6
168.4
161.0
136.4
172.6
178.4
156.9
164.0
168.3
154.3
102.3
127.3
178.8
168.2
174.5
187.8
109.0
121.7
151.9
158.2
156.0
94.0
155.0
129.8
163.5
167.2
162.9
165.0
153.8
117.0
165.2
155.9
157.0
149.5
160.8
157.7
164.5
147.8
167.9
170.2
170.3
159.0
156.7
159.4
143.0
163.5
168.9
125.5
177.4
169.2
170.5
158.5
132.1
170.7
177.3
154.5
150.5
173.4
134.2
163.2
160.1
177.2
164.2
175.0
188.6
167.6
163.3
107.7
164.0
155.3
91.3
168.5
117.2
155.7
173.1
157.8
142.3
144.2
159.6
154.0
138.4
152.2
172.5
156.9
155.8
90.5
171.0
184.0
187.3
177.0
126.5
91.2
168.5
155.2
108.2
125.4
189.1
155.6
162.3
158.7
151.1
118.9
164.9
163.7
175.3
139.3
170.9
154.7
153.9
162.7
177.1
170.8
97.9
159.0
171.6
171.4
172.8
167.6
178.4
159.0
159.7
178.9
140.1
173.8
159.2
164.0
133.9
157.0
158.6
160.2
137.9
179.0
93.8
168.4
170.9
171.4
178.1
121.7
170.6
161.3
159.9
159.3
165.2
152.9
172.6
160.5
166.3
101.9
155.3
161.3
187.2
108.4
177.7
149.2
133.0
103.1
168.8
166.7
180.2
100.2
102.1
132.3
139.4
182.5
160.8
143.8
164.6
155.5
172.5
171.1
175.2
172.4
180.8
160.4
178.7
177.3
156.3
164.3
169.4
111.0
162.5
104.6
178.6
163.4
105.3
102.4
158.7
162.5
180.1
167.1
177.5
168.6
119.9
169.3
189.3
121.4
168.5
181.3
162.1
158.9
169.1
169.8
172.5
135.8
167.7
152.1
175.9
184.9
124.1
152.8
183.0
149.0
162.5
150.1
134.7
170.2
121.4
175.4
162.9
168.4
154.6
86.2
155.8
162.5
113.1
154.6
160.9
158.8
174.8
151.3
152.8
163.3
155.7
172.8
167.4
173.5
145.4
173.6
128.5
92.3
169.8
162.9
181.3
175.9
171.9
147.3
166.6
168.1
149.9
152.0
159.3
171.2
163.3
174.6
161.0
169.2
177.5
146.6
128.8
136.7
160.4
166.9
167.9
123.0
128.5
165.9
164.0
120.0
120.4
166.7
179.5
176.5
174.1
169.9
178.7
166.4
134.8
157.3
99.0
130.0
171.3
164.1
156.9
106.0
169.6
107.2
158.6
176.7
169.4
140.3
132.0
166.0
148.1
177.5
154.8
183.5
176.0
166.4
172.2
157.9
175.7
172.3
165.2
158.8
157.8
172.6
171.9
177.2
140.4
174.4
179.4
142.5
156.9
163.9
166.1
109.4
176.4
161.0
166.7
162.8
187.0
164.0
181.7
159.8
177.8
167.5
152.6
152.6
153.1
166.2
129.8
156.7
158.4
163.7
145.5
171.7
177.7
148.7
146.0
153.3
137.1
178.6
189.7
149.4
164.3
181.9
102.8
138.7
161.4
165.8
158.3
169.2
163.1
149.0
164.6
180.5
154.1
160.9
155.3
180.7
151.3
159.8
157.8
182.0
155.6
166.3
118.1
176.8
156.0
152.2
152.5
133.4
162.8
174.2
158.4
126.0
165.1
156.6
157.5
154.2
173.0
185.0
172.2
158.0
171.8
159.2
112.2
166.1
168.1
170.9
161.5
168.1
149.7
164.8
127.8
165.5
175.0
147.9
159.2
173.4
170.1
175.1
95.4
161.0
168.4
86.9
101.5
180.0
166.7
159.5
161.0
143.6
155.2
179.1
120.7
141.2
163.8
122.5
168.8
155.4
165.0
172.3
133.9
174.3
177.3
160.9
157.8
144.9
156.7
118.7
157.7
127.0
148.2
146.1
172.3
156.2
129.6
184.7
92.2
144.8
187.8
162.2
173.7
174.0
177.4
153.5
175.0
154.0
116.6
111.9
160.8
92.1
133.3
97.9
98.2
123.6
165.6
175.5
166.6
144.7
135.0
149.8
116.2
158.2
172.8
86.6
123.9
152.9
167.9
169.1
156.3
172.6
147.2
166.0
174.8
166.9
164.6
116.7
158.6
180.8
115.0
146.6
166.3
117.1
167.8
160.8
155.9
103.7
179.1
158.1
157.0
150.6
148.6
149.9
151.6
179.6
176.3
165.2
166.1
165.8
165.3
173.6
90.4
175.6
155.4
164.9
131.6
123.1
90.3
108.5
89.4
155.9
162.2
162.2
165.3
175.1
182.1
157.1
154.9
97.7
154.2
165.9
78.5
150.8
165.3
139.6
160.4
152.7
181.7
123.0
172.3
163.5
169.4
160.5
178.3
147.4
162.0
158.0
176.3
167.7
181.6
179.8
169.7
167.3
176.3
186.7
154.5
155.8
150.5
154.5
179.5
154.7
162.5
173.7
159.8
162.3
132.5
145.6
147.1
150.2
175.5
160.0
164.9
172.4
174.9
134.3
165.9
90.8
175.2
125.8
146.9
162.5
174.8
154.0
159.4
161.8
164.4
157.8
160.7
152.5
164.5
160.4
176.3
154.6
173.5
81.6
122.8
150.3
159.3
153.9
166.7
171.8
160.4
160.1
145.4
155.0
174.8
167.4
152.7
131.6
175.0
90.5
129.9
122.5
156.7
171.7
155.0
189.1
153.2
159.2
144.2
176.4
156.0
147.8
140.9
155.9
162.3
152.9
107.3
162.9
162.4
121.9
167.9
169.2
150.7
182.0
94.4
162.9
172.1
171.3
158.3
163.7
160.1
152.7
173.7
163.6
164.9
168.4
119.9
146.9
160.1
168.0
162.8
155.4
159.3
167.2
164.1
173.5
171.6
173.9
92.5
186.0
161.1
143.9
172.7
174.2
160.1
88.7
177.5
171.5
173.6
146.8
160.1
174.4
155.1
148.9
109.0
174.3
176.8
125.7
159.8
178.8
83.6
153.7
148.1
90.3
174.4
162.6
159.4
161.5
160.9
114.1
155.9
180.6
167.2
171.4
151.7
161.5
194.6
171.0
122.9
168.5
157.4
151.9
93.4
171.0
155.5
128.0
185.4
85.5
106.8
161.7
146.4
153.2
136.7
86.9
161.8
159.4
149.0
174.9
168.4
170.8
94.7
172.5
147.6
158.2
99.4
119.5
152.4
164.9
139.4
162.3
169.1
159.7
166.7
161.4
163.3
169.9
173.0
123.0
159.7
127.9
152.0
176.9
177.9
153.4
168.3
163.7
155.1
91.4
149.9
161.6
157.8
169.3
109.5
157.6
169.8
174.8
156.5
168.3
155.0
182.0
175.5
167.3
165.6
162.8
159.4
150.0
175.9
170.2
149.9
82.6
170.4
181.0
173.5
151.0
153.8
158.4
155.3
157.4
159.1
176.1
166.6
177.8
167.4
149.7
173.8
179.4
181.4
156.5
162.2
159.7
183.0
158.3
172.5
158.9
162.1
163.9
172.9
146.0
159.1
169.0
149.3
146.4
157.1
151.8
173.9
163.1
177.8
148.5
179.4
178.8
191.7
131.7
182.5
146.2
155.3
155.0
180.8
161.8
166.0
135.1
168.4
163.7
179.8
164.0
142.0
157.2
155.8
151.1
170.9
168.5
174.2
168.2
154.9
173.9
162.3
170.4
152.8
169.9
149.4
159.3
152.8
171.8
161.6
140.6
161.6
176.9
164.9
152.2
160.2
167.1
106.0
170.9
171.8
153.2
107.4
101.8
105.3
162.1
159.8
156.7
155.6
169.7
172.2
181.2
191.0
162.1
179.8
151.4
173.4
168.2
163.9
83.2
172.8
173.6
156.5
122.7
124.0
171.2
137.4
170.5
146.2
157.5
114.8
147.1
122.4
130.9
115.0
178.2
158.8
172.7
166.9
155.8
123.3
145.8
146.0
174.6
185.7
155.1
118.5
166.1
141.2
180.0
167.3
137.8
144.7
158.7
168.9
181.9
134.0
176.1
161.2
184.3
164.2
160.8
106.7
178.4
130.6
167.0
167.4
141.0
180.4
153.0
144.7
155.5
170.6
161.6
179.1
152.2
138.3
144.8
182.9
166.0
151.0
179.4
155.3
160.6
168.0
179.5
177.3
159.9
162.7
165.3
184.5
176.5
90.3
117.2
162.2
165.8
180.2
168.1
189.4
181.2
152.5
157.1
178.5
167.5
119.7
187.2
151.4
151.4
165.0
121.6
121.6
99.1
130.1
160.6
109.5
172.2
106.7
115.7
151.5
158.0
158.3
164.9
184.4
113.0
152.0
107.2
91.9
179.2
148.3
174.2
150.0
157.6
88.0
167.6
151.3
154.1
175.9
159.6
172.9
174.4
169.5
178.3
147.0
144.1
188.6
127.4
123.1
180.9
150.8
166.0
100.0
176.3
161.7
160.3
159.1
163.5
159.9
159.3
183.7
155.7
105.7
159.1
149.8
165.5
179.8
163.3
160.7
130.0
173.1
157.8
160.5
162.8
157.7
149.5
162.8
176.7
174.0
90.4
160.8
175.5
154.8
167.3
160.9
145.7
145.6
109.5
164.3
89.0
128.8
181.0
175.8
157.8
130.3
179.3
164.7
171.0
173.3
150.7
172.3
164.7
96.7
148.0
176.6
164.0
142.6
167.2
122.4
154.6
160.3
166.1
181.4
158.8
170.5
154.6
160.0
167.7
87.4
166.4
153.6
162.4
160.4
161.0
171.9
180.9
190.1
175.6
110.7
163.2
165.0
153.7
181.6
178.1
178.2
127.8
168.1
164.3
153.3
177.2
176.9
163.8
172.0
155.8
161.2
181.6
145.1
168.2
158.7
95.0
160.8
149.8
139.1
173.3
163.4
152.8
165.3
149.1
175.7
154.2
166.2
100.4
165.1
183.3
186.4
101.9
155.5
156.4
175.7
171.4
161.6
167.2
170.7
112.1
152.4
178.9
159.0
155.4
177.6
176.0
121.8
94.4
170.9
95.7
105.1
150.4
169.3
179.5
163.8
167.3
166.9
153.3
182.4
107.7
164.6
168.3
179.2
166.9
153.3
174.3
174.7
161.6
165.5
161.4
161.1
156.2
180.9
128.8
159.0
143.7
165.8
159.2
169.4
174.2
177.7
164.1
170.7
126.6
158.1
161.6
165.4
159.0
159.2
162.8
163.4
113.9
187.2
174.7
173.2
159.2
165.9
106.0
174.2
149.5
159.1
175.3
156.4
156.8
168.7
177.0
157.1
175.4
150.1
160.4
176.8
172.7
157.6
182.0
125.9
157.0
173.0
160.6
152.1
168.7
187.8
158.5
155.4
168.8
181.3
165.6
170.2
152.3
161.6
160.5
129.9
160.2
158.2
141.0
135.6
153.4
163.9
156.2
154.6
179.6
157.9
175.8
176.3
159.6
108.0
101.4
171.9
154.0
164.0
167.4
123.9
153.5
157.7
155.4
178.4
157.7
173.9
155.6
172.4
163.8
169.8
146.9
158.3
98.4
150.6
136.0
98.4
175.1
171.6
164.9
165.5
162.3
161.4
174.9
166.1
172.1
163.6
168.8
149.5
170.3
164.2
149.2
149.5
180.4
156.0
176.4
137.5
165.0
159.2
127.1
179.8
156.5
153.5
170.5
115.3
170.2
153.6
155.9
171.8
167.4
161.8
178.0
172.8
177.0
142.2
168.9
170.1
167.4
161.0
100.6
154.8
118.9
152.5
159.4
149.3
107.3
171.1
146.8
171.7
181.0
181.6
158.3
159.1
176.4
85.2
177.3
173.2
159.1
150.2
170.6
178.1
146.5
148.8
131.8
153.1
189.5
140.7
129.4
162.1
147.3
111.1
164.8
156.6
132.4
174.2
154.5
146.7
162.2
169.1
155.2
176.9
159.8
151.5
118.0
166.4
152.0
179.4
157.8
168.4
154.5
153.8
189.9
132.5
154.8
167.6
153.2
124.3
181.9
179.1
185.8
157.8
171.3
176.2
156.8
136.1
170.0
173.8
176.2
175.6
155.7
169.2
163.8
159.6
154.1
154.9
164.0
162.5
91.2
182.1
166.0
102.2
119.5
106.5
169.3
178.1
164.4
146.5
149.6
162.4
187.1
164.7
146.0
158.3
177.5
153.8
177.1
179.6
152.0
156.9
159.5
121.8
123.2
170.6
158.2
153.3
173.3
157.6
177.6
166.8
105.7
123.8
169.7
125.9
150.6
125.6
144.8
166.8
171.1
167.6
166.3
166.2
158.2
162.1
180.6
162.5
180.2
142.4
155.8
103.9
187.6
158.1
107.0
115.0
130.8
184.8
178.3
153.2
168.7
161.8
164.6
115.6
191.5
159.2
170.2
96.6
106.7
162.7
171.9
156.4
184.6
173.6
178.6
158.6
121.0
170.5
163.3
152.9
177.6
181.3
167.4
158.0
141.3
107.4
181.1
94.5
173.5
163.4
170.3
155.0
150.9
103.1
148.6
153.9
144.5
154.2
133.0
165.0
151.2
165.6
190.3
129.8
173.5
126.5
163.6
161.4
155.7
174.8
130.8
155.6
159.2
168.5
126.7
172.5
171.9
167.0
177.1
169.7
169.5
162.5
159.5
134.8
154.5
156.3
167.5
166.0
160.2
164.6
154.4
163.3
178.3
159.8
185.4
175.4
156.8
141.8
164.2
167.3
161.2
152.9
189.2
149.4
171.7
170.1
157.3
162.1
176.5
164.3
155.0
161.2
166.9
175.4
138.8
175.0
168.8
165.7
164.4
170.3
115.5
176.2
125.2
88.3
161.8
137.4
166.5
141.7
169.5
134.5
177.9
163.4
97.4
175.5
165.3
104.9
171.1
135.9
154.1
161.8
153.7
177.4
158.3
100.0
102.4
169.5
161.7
173.3
179.7
176.8
146.0
107.9
151.5
172.6
132.8
120.2
133.8
148.4
175.0
156.1
109.2
165.6
170.6
140.5
173.7
152.5
165.6
152.1
176.4
157.5
176.6
156.6
156.9
164.6
176.3
147.8
147.2
119.1
108.3
166.8
123.2
140.1
178.0
160.9
148.1
176.7
173.4
99.2
170.9
159.1
150.5
159.2
165.9
160.6
173.8
154.9
153.8
91.9
146.9
156.4
129.8
105.9
155.0
139.6
153.5
184.9
174.4
125.9
157.9
165.5
179.9
159.5
171.7
166.0
159.4
87.6
179.1
172.7
180.5
159.4
181.5
137.9
160.9
173.9
150.8
149.8
173.5
156.4
163.3
169.0
164.9
152.5
147.3
149.7
121.7
159.7
159.6
154.3
165.2
173.7
158.2
172.5
181.6
156.3
166.4
155.9
96.9
154.4
164.5
152.0
100.4
84.5
188.2
160.4
175.0
180.6
153.5
169.6
176.1
157.7
170.1
171.0
113.7
176.7
153.3
121.7
158.9
103.9
129.7
156.8
162.0
158.9
163.9
181.2
169.1
153.0
178.3
154.6
157.0
183.1
144.5
177.2
182.1
155.8
155.0
168.0
157.7
147.3
139.1
147.2
148.7
158.2
146.5
158.2
153.3
149.7
158.5
139.9
179.6
166.5
153.5
173.8
188.7
167.7
120.3
140.6
183.7
153.8
177.7
170.9
167.4
107.0
161.4
178.7
162.8
111.7
147.0
156.5
152.3
164.5
155.5
127.3
170.6
166.5
182.4
163.8
151.1
162.0
181.1
139.5
119.7
175.2
128.4
162.9
171.9
165.5
96.5
162.1
176.0
166.8
102.5
171.1
174.8
123.6
171.8
152.9
172.7
180.0
126.9
156.9
152.2
164.7
162.2
164.0
160.7
169.4
164.8
151.7
177.2
111.2
166.0
172.9
145.7
170.2
176.5
141.4
171.3
153.3
155.1
168.1
166.8
96.5
97.6
103.8
130.9
178.9
153.2
113.2
167.9
177.0
188.1
178.1
111.1
127.2
185.6
170.6
154.6
181.8
184.6
171.3
170.0
149.9
147.1
173.9
164.2
174.4
179.3
166.7
177.4
174.1
192.8
149.0
176.7
173.0
106.9
160.5
175.7
131.7
161.2
88.3
155.5
172.3
118.3
175.5
164.9
153.4
165.2
155.0
168.7
116.8
131.8
166.4
165.3
89.5
161.2
169.4
111.2
163.1
164.8
182.2
156.9
150.5
158.9
156.7
167.5
143.1
174.7
169.7
160.6
115.3
89.2
152.5
158.3
124.9
170.4
137.3
171.9
163.7
105.5
157.9
176.6
173.1
163.7
142.1
163.4
141.4
127.3
161.9
168.7
168.8
139.8
187.2
184.4
159.2
164.6
171.0
163.3
161.2
168.5
95.9
185.0
152.1
151.8
158.0
158.9
152.4
177.6
166.3
102.7
157.9
117.2
170.0
160.8
152.0
111.3
111.2
158.5
176.4
178.0
182.4
183.8
167.4
165.9
158.2
167.1
172.0
108.0
174.5
97.5
189.6
154.6
171.9
101.5
180.3
171.3
166.9
151.6
157.3
154.6
129.0
123.2
161.3
136.7
138.8
162.6
166.0
89.3
166.4
156.7
132.9
176.2
123.2
182.1
178.4
166.9
164.3
103.5
114.7
170.0
173.7
169.8
109.9
156.3
158.7
181.2
178.4
172.6
127.0
146.7
173.1
156.5
161.8
160.1
97.1
90.8
179.0
98.6
137.6
152.0
167.7
146.7
170.8
160.4
152.5
163.6
160.8
102.8
109.0
177.8
102.7
167.0
178.0
113.5
153.9
148.5
168.7
169.6
175.5
162.5
164.5
160.9
131.9
194.6
186.3
156.9
153.9
186.3
129.4
157.9
170.1
124.6
167.1
157.4
134.0
94.9
173.7
169.7
172.8
155.6
155.4
181.0
99.4
114.3
134.1
156.9
164.9
166.7
163.8
170.3
178.9
185.3
185.3
188.0
88.1
180.3
166.8
158.6
166.4
131.4
185.0
157.4
115.6
168.0
130.3
162.9
156.9
160.8
93.8
156.6
135.4
92.1
169.5
154.8
123.2
152.6
182.9
176.2
157.1
182.3
184.1
141.2
157.9
161.0
169.2
170.0
164.1
161.5
98.9
117.6
161.1
168.3
168.4
155.8
139.3
173.1
172.8
162.6
154.7
148.0
160.3
163.8
184.9
164.1
181.9
155.1
154.4
163.0
154.0
173.1
158.4
169.2
131.1
165.7
163.2
166.0
163.8
171.4
168.5
183.4
173.5
167.7
146.2
97.0
106.4
137.0
137.1
169.3
180.4
181.0
159.2
156.2
158.2
152.3
166.2
173.7
142.3
178.2
186.0
175.7
168.4
145.6
157.2
157.5
163.1
145.4
154.5
178.7
163.1
162.5
166.4
155.6
102.7
140.0
176.0
116.1
162.8
184.3
161.9
166.4
162.7
178.4
162.3
170.2
177.3
152.3
182.7
159.1
172.3
165.8
176.7
93.9
166.7
170.0
156.5
133.2
169.6
167.0
184.7
175.9
172.5
171.3
175.1
172.6
166.9
157.9
159.1
163.4
165.1
169.6
181.5
189.3
150.1
155.6
163.4
155.1
161.8
166.7
97.6
164.7
165.1
97.2
157.6
185.3
167.8
175.8
150.8
177.1
167.2
164.3
154.3
129.6
145.5
172.8
102.2
167.4
170.6
172.6
113.2
164.3
154.8
174.1
166.4
85.7
164.6
165.3
158.6
184.2
180.8
155.0
156.6
154.0
97.5
177.0
171.4
185.5
179.6
159.7
165.2
159.7
163.8
161.8
161.5
164.5
166.8
162.9
156.0
155.3
102.7
159.8
154.4
177.7
175.6
157.9
166.3
158.0
151.9
159.7
189.6
158.4
160.3
158.6
168.1
148.2
184.0
149.2
149.5
185.5
168.4
176.3
155.7
182.3
185.6
123.0
90.7
161.8
168.1
172.0
92.4
161.4
182.2
111.0
171.4
163.6
178.2
147.2
163.1
130.5
95.8
88.4
156.5
151.6
169.5
165.2
169.9
188.3
158.8
150.7
123.5
131.4
155.6
151.4
164.5
155.0
158.8
164.7
163.0
157.6
94.2
159.5
155.3
183.8
172.3
154.8
165.0
151.1
168.7
156.7
173.1
153.2
152.1
156.7
171.5
161.2
168.1
158.5
124.1
169.7
168.3
169.1
157.0
179.5
86.8
153.4
175.7
168.6
140.3
167.2
182.3
160.2
167.0
157.3
148.3
154.7
156.6
179.2
164.9
92.5
164.6
167.8
168.5
129.4
155.7
178.6
167.9
150.7
167.7
188.2
159.4
151.6
159.0
167.0
178.6
178.1
137.7
177.1
134.9
174.2
156.4
151.5
171.1
153.8
174.1
153.0
136.7
175.5
166.8
189.0
158.4
171.1
164.2
157.0
175.3
163.5
157.9
161.9
123.5
168.7
154.0
154.4
116.3
175.7
181.9
180.0
161.7
152.9
122.1
85.7
138.6
154.6
121.5
162.7
170.9
170.1
169.7
134.5
166.5
182.8
111.9
150.3
178.8
158.8
165.1
181.1
161.4
144.1
162.6
155.5
107.8
157.4
157.3
161.6
173.4
88.0
147.1
159.6
150.8
163.9
179.6
104.2
138.5
98.6
163.6
170.3
171.4
190.6
180.3
165.7
175.3
145.4
173.6
180.6
160.1
161.2
175.3
182.4
163.8
162.2
177.6
128.3
155.1
174.1
166.0
173.2
164.5
175.7
157.0
167.4
170.9
160.6
86.8
163.8
176.7
124.1
167.7
171.4
153.0
169.0
129.7
145.9
161.4
169.2
157.1
166.1
132.9
182.0
165.6
160.2
155.5
171.5
110.2
165.6
179.5
163.8
102.7
165.5
165.0
109.0
156.3
137.5
99.8
166.6
154.7
160.1
168.2
138.7
163.8
176.6
164.0
161.8
150.9
157.4
164.1
181.4
152.4
164.0
151.6
171.3
171.9
161.8
185.1
175.7
181.7
169.2
168.9
143.9
142.5
187.0
158.1
155.0
103.7
138.0
94.4
164.9
155.5
156.0
162.1
160.2
181.2
128.1
137.0
144.1
172.0
152.4
139.0
132.0
168.0
169.0
162.2
162.0
161.6
154.5
104.0
154.9
108.6
162.2
171.5
140.8
140.4
160.7
177.0
170.5
173.6
163.7
177.7
175.7
169.9
173.4
162.3
146.3
127.5
154.5
186.0
118.4
144.2
160.8
149.9
156.0
101.6
184.8
165.4
177.2
142.4
150.7
150.4
140.9
165.3
85.2
129.4
170.2
158.5
176.3
149.7
155.1
159.8
179.0
162.1
155.7
158.3
160.3
146.5
155.3
160.3
118.0
157.3
145.3
142.9
155.2
169.3
159.8
170.5
156.6
187.6
139.5
152.7
160.6
157.6
97.9
140.5
147.8
172.2
137.1
112.0
173.9
94.8
180.7
166.8
162.3
153.0
122.5
175.0
175.2
175.0
148.2
160.3
179.2
132.7
172.9
134.3
122.2
171.7
130.6
172.9
128.7
127.6
178.2
167.0
99.1
162.5
177.8
182.6
160.2
163.2
159.1
180.9
155.5
175.4
176.6
170.5
144.1
157.9
167.7
187.6
178.8
151.1
180.9
178.9
132.8
169.5
85.7
166.6
175.5
173.2
85.7
159.5
158.6
103.3
154.6
166.8
163.3
166.8
190.8
174.5
161.4
156.9
160.2
158.7
189.9
170.2
131.7
95.4
147.5
163.0
171.2
150.3
143.1
173.9
111.3
176.8
112.8
162.0
169.3
173.5
150.7
186.4
165.9
87.3
169.6
175.5
156.2
162.5
176.4
119.7
131.8
178.6
160.8
164.9
114.1
168.5
166.9
163.1
152.8
160.9
139.7
153.3
142.6
128.4
127.4
167.3
157.5
151.4
174.7
169.7
171.8
164.2
87.6
124.7
171.2
143.3
161.3
180.9
167.6
102.4
177.4
174.9
182.1
155.7
176.4
174.4
166.0
164.9
152.6
178.8
106.8
166.3
126.8
158.9
176.7
153.5
157.7
164.3
146.0
150.1
151.7
168.2
180.0
160.5
157.1
149.5
155.0
95.5
158.1
161.1
177.7
173.7
97.8
174.9
157.5
161.2
171.5
154.9
157.2
160.4
156.5
151.0
155.5
156.9
168.0
106.2
155.5
177.8
169.3
156.1
171.6
183.3
156.5
155.4
154.5
180.0
134.3
165.6
162.8
153.7
190.6
152.3
172.3
185.2
178.8
187.3
172.2
174.9
181.8
158.1
168.7
113.9
181.4
170.5
96.9
112.2
168.3
115.4
183.7
160.3
175.5
171.3
97.5
131.4
101.0
152.8
162.4
172.3
172.9
160.4
161.1
149.1
175.4
86.2
151.4
188.5
141.7
158.1
157.7
150.6
145.8
167.8
147.8
171.6
129.4
179.6
173.9
184.4
159.7
155.7
168.7
168.7
153.3
182.9
183.1
163.5
180.5
177.0
170.0
106.4
159.4
129.6
175.4
169.3
153.8
168.8
136.7
168.7
129.2
159.8
171.0
102.6
140.6
156.4
139.7
143.8
188.3
136.9
168.9
129.4
166.4
123.9
181.9
172.6
135.0
117.2
162.6
171.7
167.4
152.7
181.9
177.2
99.0
159.6
169.1
164.9
100.9
167.6
128.3
161.9
147.9
152.5
152.4
157.2
157.0
170.3
179.1
160.8
150.6
154.2
165.3
177.8
160.0
160.5
182.9
152.9
170.1
169.5
156.6
132.4
158.9
166.4
154.4
160.8
166.7
147.1
151.5
180.0
174.6
149.2
176.0
182.3
162.4
163.6
124.2
127.3
153.3
151.5
157.2
168.0
177.7
162.0
167.9
161.8
172.5
108.3
163.6
114.5
119.4
123.5
171.9
168.3
145.9
161.2
144.8
179.9
109.6
163.1
137.9
155.9
160.5
184.2
161.4
155.3
174.6
153.9
170.7
128.1
161.5
175.8
116.4
178.3
154.4
164.3
156.6
175.9
142.4
116.6
164.1
129.3
128.5
164.8
137.2
132.2
167.9
154.2
168.7
143.8
161.8
172.6
154.1
90.9
172.5
166.5
91.1
166.7
173.0
167.3
136.2
100.5
92.3
149.2
102.9
158.6
112.1
173.7
150.0
163.6
142.7
125.6
95.8
193.3
155.1
165.1
101.9
174.7
186.2
164.8
162.6
148.4
125.1
113.2
169.9
157.5
177.0
157.6
161.5
161.5
170.7
117.0
168.7
161.3
165.7
106.7
132.1
166.8
179.6
175.5
185.8
152.0
168.9
144.9
159.8
160.3
135.8
151.6
115.8
101.3
160.8
131.4
157.6
160.0
153.1
152.2
180.0
173.8
176.4
164.9
175.7
85.4
158.2
159.4
177.5
116.7
170.0
157.8
109.3
176.4
148.4
188.6
118.4
153.5
180.7
159.3
164.1
150.7
130.3
179.6
180.5
149.1
100.3
163.0
158.8
145.0
175.1
155.2
154.1
171.4
130.9
156.3
99.6
115.8
175.8
149.0
148.5
156.7
179.8
154.4
173.5
160.3
164.4
176.0
147.3
152.4
155.7
190.2
133.3
158.2
137.9
165.9
149.3
166.5
192.2
165.1
155.0
91.0
172.0
105.5
173.3
163.2
159.9
178.7
157.5
165.0
165.8
171.9
169.7
125.0
176.9
161.5
160.3
159.2
155.1
163.5
175.4
109.3
158.4
159.2
186.2
169.0
182.4
97.6
178.4
183.6
167.7
163.9
157.0
161.9
164.2
175.6
118.1
172.5
141.1
170.8
180.4
149.9
163.5
102.2
161.7
158.3
158.0
147.4
161.4
172.9
157.8
179.8
166.8
172.3
88.5
156.0
155.9
150.6
174.8
187.0
157.8
164.9
165.3
169.3
154.4
97.2
172.3
136.5
161.9
161.1
159.7
179.1
101.1
162.3
174.1
182.2
151.5
181.7
171.7
134.0
177.7
176.2
179.3
175.4
165.0
155.3
158.4
148.8
155.4
178.3
148.5
172.4
164.2
170.9
129.6
125.2
180.0
162.6
172.4
192.5
159.0
157.7
181.9
182.4
165.7
174.7
156.4
158.0
176.5
192.5
185.1
125.4
158.6
169.1
100.6
158.2
177.4
116.5
180.4
152.4
115.0
94.4
162.0
171.2
178.4
159.7
167.4
166.1
191.1
154.7
166.8
177.8
177.0
186.7
142.2
114.5
155.7
165.2
181.2
152.2
154.1
163.4
160.0
164.0
169.9
159.4
184.3
161.7
152.9
134.3
149.9
187.9
174.0
169.6
164.6
167.8
163.4
138.3
168.7
184.4
151.9
158.5
174.0
172.9
163.0
176.9
161.2
109.3
118.9
98.2
172.0
163.5
165.0
158.3
164.0
170.1
165.8
123.1
108.5
160.3
170.1
161.5
92.6
157.3
185.4
159.6
177.4
168.4
153.8
172.6
189.0
115.8
146.0
170.5
172.2
155.5
177.2
119.2
151.1
191.2
160.9
167.8
172.4
171.6
117.1
165.5
179.9
164.5
174.7
169.0
195.6
163.2
173.3
167.3
170.3
150.6
165.2
169.5
158.8
148.5
168.5
102.8
180.2
172.8
152.7
166.8
167.8
159.6
151.8
160.4
177.1
179.3
170.6
164.4
159.8
178.4
149.6
163.0
178.5
165.1
174.0
109.0
150.7
147.9
155.4
141.5
164.1
184.6
169.9
150.4
148.6
169.8
153.8
175.6
92.6
163.7
152.8
171.0
161.5
173.4
180.3
162.7
186.6
173.2
153.2
142.7
126.7
172.6
185.5
153.4
160.2
121.5
90.6
175.7
169.9
158.7
131.0
175.9
153.4
170.0
188.8
180.8
157.2
158.0
163.9
176.4
173.7
132.4
164.7
182.5
163.1
178.7
177.6
168.7
165.3
142.8
161.1
90.6
118.4
159.1
150.2
154.2
153.3
171.4
153.5
163.8
102.3
182.4
152.0
155.2
167.4
181.5
156.6
172.1
172.8
128.7
168.9
148.8
111.7
176.3
172.9
162.0
195.8
162.4
159.4
185.0
149.3
182.4
154.0
156.7
157.7
173.6
170.0
133.9
165.3
164.9
156.5
164.2
163.7
178.4
149.5
182.7
170.1
175.5
168.3
102.8
166.2
166.4
148.8
173.4
173.4
101.3
156.2
173.9
158.3
167.2
148.2
151.2
174.1
156.1
175.6
174.6
183.7
146.1
152.7
166.5
127.0
171.4
170.0
172.4
163.1
172.2
156.8
162.7
181.4
171.3
101.6
94.5
169.2
153.7
147.5
185.3
148.3
155.7
172.6
136.3
164.7
169.0
135.7
168.4
138.0
161.7
171.3
178.9
162.0
170.3
125.9
157.5
112.8
155.5
118.9
179.8
94.4
159.8
151.7
172.2
167.4
152.1
177.1
166.9
173.3
161.1
153.5
168.2
156.7
110.3
157.4
163.0
173.2
154.5
153.8
149.9
169.1
168.7
161.1
158.2
169.6
178.4
120.3
109.7
108.2
160.2
167.3
164.9
173.3
110.6
155.6
96.2
177.2
189.3
189.8
168.3
159.5
157.9
152.8
156.6
174.7
162.4
178.4
169.6
177.2
175.0
181.0
153.9
161.0
152.7
175.6
156.4
164.4
177.9
166.1
167.4
175.6
168.7
127.3
158.8
174.6
164.4
136.7
174.9
150.9
149.4
145.1
167.4
186.3
154.9
154.7
160.9
156.8
108.9
170.3
162.6
161.4
140.8
151.5
156.4
161.4
156.9
111.7
168.1
170.1
153.1
175.1
159.5
180.7
172.6
158.5
163.6
180.1
173.9
170.5
118.0
182.6
182.9
158.4
168.1
180.8
150.8
167.6
169.4
172.5
135.2
139.4
167.4
124.7
156.3
152.7
176.1
178.1
151.6
144.1
166.6
178.2
162.0
163.4
162.2
174.5
179.4
174.6
154.6
157.3
92.1
129.6
171.0
161.0
117.0
163.2
159.4
181.8
157.1
154.9
162.5
167.4
160.3
178.4
131.9
179.6
160.3
165.0
164.0
189.1
184.2
148.4
171.2
169.0
166.6
169.8
133.9
121.0
179.1
166.7
125.2
124.3
167.2
174.1
176.8
159.4
170.9
136.4
155.4
178.9
165.3
191.5
182.8
138.8
150.8
135.1
178.4
157.9
156.4
160.6
176.2
169.8
176.3
171.9
156.0
161.3
168.8
121.8
182.9
115.4
156.8
120.6
159.1
155.8
114.6
160.6
171.0
173.3
184.3
175.7
155.1
177.9
107.0
113.2
181.5
164.8
151.1
172.0
154.2
174.8
132.2
180.0
83.8
182.2
165.0
172.9
158.5
164.4
103.2
147.4
164.8
152.3
94.0
112.3
164.6
167.0
178.0
160.4
160.3
149.1
175.1
152.5
91.2
143.9
145.1
173.9
168.8
181.1
156.8
165.1
165.9
179.8
167.8
128.9
89.0
170.9
161.0
155.6
185.0
168.2
183.1
141.1
166.0
164.6
169.7
155.1
159.8
168.9
138.1
163.8
164.6
145.9
175.0
164.6
168.0
154.1
180.3
159.2
151.2
169.6
174.0
170.2
170.6
161.9
171.5
169.6
152.4
112.0
133.1
171.5
169.0
167.8
155.5
159.1
177.8
175.5
136.9
164.8
164.6
167.1
181.8
91.1
150.1
171.9
119.5
172.4
162.1
153.7
156.4
137.8
162.0
172.4
149.4
178.2
169.8
155.0
156.9
149.1
156.4
156.5
167.8
169.3
159.6
170.9
174.5
173.9
172.0
102.1
158.7
183.0
92.8
96.8
167.9
178.5
158.9
104.0
116.3
82.5
147.1
181.1
163.1
173.6
162.8
170.4
162.0
180.1
108.9
156.5
164.9
162.6
156.6
175.8
