165.1
167.6
170.2
170.2
170.2
170.2
170.2
170.2
172.7
172.7
172.7
172.7
172.7
172.7
172.7
172.7
172.7
172.7
172.7
172.7
172.7
175.3
175.3
175.3
175.3
175.3
175.3
175.3
175.3
175.3
175.3
175.3
175.3
175.3
175.3
175.3
175.3
175.3
175.3
177.8
177.8
177.8
177.8
177.8
177.8
177.8
177.8
177.8
177.8
177.8
177.8
180.3
180.3
180.3
180.3
180.3
180.3
180.3
180.3
180.3
180.3
182.9
182.9
182.9
182.9
182.9
182.9
182.9
182.9
182.9
182.9
182.9
185.4
185.4
185.4
185.4
185.4
185.4
185.4
185.4
185.4
185.4
188.0
188.0
188.0
188.0
188.0
188.0
188.0
188.0
188.0
188.0
188.0
188.0
188.0
188.0
188.0
188.0
188.0
188.0
188.0
188.0
188.0
188.0
188.0
188.0
188.0
188.0
190.5
190.5
190.5
190.5
190.5
190.5
190.5
190.5
190.5
190.5
190.5
190.5
190.5
190.5
193.0
193.0
193.0
193.0
193.0
193.0
193.0
193.0
193.0
193.0
193.0
193.0
193.0
193.0
193.0
193.0
193.0
193.0
193.0
195.6
195.6
195.6
195.6
195.6
195.6
195.6
195.6
195.6
198.1
198.1
200.7
200.7
205.7
