175.3
175.3
177.8
180.3
180.3
180.3
182.9
182.9
182.9
182.9
182.9
182.9
182.9
182.9
182.9
182.9
182.9
182.9
182.9
185.4
185.4
185.4
185.4
185.4
185.4
185.4
185.4
185.4
185.4
185.4
185.4
185.4
185.4
185.4
185.4
185.4
188.0
188.0
188.0
188.0
188.0
188.0
188.0
188.0
188.0
188.0
188.0
188.0
188.0
188.0
188.0
188.0
188.0
190.5
190.5
190.5
190.5
190.5
190.5
190.5
190.5
190.5
190.5
190.5
190.5
190.5
190.5
190.5
190.5
190.5
190.5
190.5
190.5
190.5
190.5
190.5
190.5
190.5
190.5
190.5
190.5
190.5
190.5
190.5
190.5
190.5
190.5
190.5
193.0
193.0
193.0
193.0
193.0
193.0
193.0
193.0
193.0
193.0
193.0
193.0
193.0
193.0
193.0
193.0
193.0
193.0
193.0
193.0
193.0
193.0
193.0
193.0
193.0
193.0
193.0
193.0
193.0
193.0
193.0
193.0
193.0
193.0
193.0
193.0
193.0
193.0
193.0
193.0
193.0
193.0
193.0
195.6
195.6
195.6
195.6
195.6
195.6
195.6
195.6
195.6
195.6
195.6
195.6
195.6
195.6
195.6
195.6
195.6
195.6
195.6
195.6
195.6
195.6
195.6
195.6
195.6
195.6
195.6
195.6
195.6
195.6
195.6
195.6
195.6
195.6
195.6
195.6
195.6
195.6
195.6
195.6
195.6
195.6
195.6
195.6
195.6
195.6
195.6
195.6
198.1
198.1
198.1
198.1
198.1
198.1
198.1
198.1
198.1
198.1
198.1
198.1
198.1
198.1
198.1
198.1
198.1
198.1
198.1
198.1
198.1
198.1
198.1
198.1
198.1
198.1
198.1
198.1
198.1
198.1
198.1
198.1
198.1
198.1
198.1
198.1
198.1
198.1
198.1
198.1
198.1
198.1
198.1
198.1
198.1
198.1
198.1
198.1
198.1
198.1
198.1
198.1
198.1
198.1
198.1
200.7
200.7
200.7
200.7
200.7
200.7
200.7
200.7
200.7
200.7
200.7
200.7
200.7
200.7
200.7
200.7
200.7
200.7
200.7
200.7
200.7
200.7
200.7
200.7
200.7
200.7
200.7
200.7
200.7
200.7
200.7
200.7
200.7
200.7
200.7
200.7
200.7
200.7
200.7
200.7
200.7
200.7
200.7
200.7
200.7
200.7
200.7
200.7
200.7
200.7
200.7
200.7
200.7
200.7
203.2
203.2
203.2
203.2
203.2
203.2
203.2
203.2
203.2
203.2
203.2
203.2
203.2
203.2
203.2
203.2
203.2
203.2
203.2
203.2
203.2
203.2
203.2
203.2
203.2
203.2
203.2
203.2
203.2
203.2
203.2
203.2
203.2
203.2
203.2
203.2
203.2
203.2
203.2
203.2
203.2
203.2
203.2
203.2
203.2
203.2
203.2
203.2
203.2
203.2
203.2
203.2
203.2
203.2
205.7
205.7
205.7
205.7
205.7
205.7
205.7
205.7
205.7
205.7
205.7
205.7
205.7
205.7
205.7
205.7
205.7
205.7
205.7
205.7
205.7
205.7
205.7
205.7
205.7
205.7
205.7
205.7
205.7
205.7
205.7
205.7
205.7
205.7
205.7
205.7
205.7
205.7
205.7
205.7
205.7
205.7
205.7
205.7
205.7
205.7
205.7
205.7
205.7
205.7
205.7
205.7
205.7
205.7
205.7
205.7
205.7
205.7
205.7
205.7
208.3
208.3
208.3
208.3
208.3
208.3
208.3
208.3
208.3
208.3
208.3
208.3
208.3
208.3
208.3
208.3
208.3
208.3
208.3
208.3
208.3
208.3
208.3
208.3
208.3
208.3
208.3
208.3
208.3
208.3
208.3
208.3
208.3
208.3
208.3
208.3
208.3
208.3
208.3
208.3
208.3
208.3
208.3
208.3
208.3
208.3
208.3
208.3
208.3
208.3
208.3
208.3
208.3
210.8
210.8
210.8
210.8
210.8
210.8
210.8
210.8
210.8
210.8
210.8
210.8
210.8
210.8
210.8
210.8
210.8
210.8
210.8
210.8
210.8
210.8
210.8
210.8
210.8
210.8
210.8
210.8
210.8
210.8
210.8
210.8
210.8
210.8
210.8
213.4
213.4
213.4
213.4
213.4
213.4
213.4
213.4
213.4
213.4
213.4
213.4
213.4
213.4
213.4
213.4
213.4
213.4
213.4
213.4
213.4
213.4
213.4
213.4
213.4
213.4
213.4
213.4
213.4
213.4
215.9
215.9
215.9
215.9
215.9
215.9
215.9
215.9
215.9
215.9
215.9
215.9
218.4
221.0
221.0
221.0
