6.3
6.1
5.8
6.3
6.4
5.8
6.2
5.9
6.0
5.10
5.11
5.7
5.9
5.9
6.2
6.2
6.4
6.2
6.0
6.4
5.8
6.0
5.9
5.11
5.10
6.1
6.1
6.4
5.8
6.1
6.3
6.2
6.5
6.5
5.10
5.9
6.5
6.2
5.10
6.4
5.9
5.10
6.4
6.2
6.0
5.11
6.9
6.4
6.2
6.3
6.1
6.7
6.5
6.3
5.9
6.3
5.10
6.4
5.10
5.9
6.4
6.3
6.1
6.2
6.2
6.3
5.8
5.8
6.3
5.11
5.9
6.3
6.4
6.2
6.2
5.6
6.4
6.5
6.2
5.11
6.5
5.11
6.2
6.4
5.5
5.9
6.1
6.5
5.7
6.0
5.8
5.11
6.2
6.4
6.4
6.4
6.4
5.8
5.7
6.2
6.5
5.8
6.0
5.9
5.11
6.2
5.9
5.10
6.0
6.2
6.6
5.9
5.9
5.11
5.9
5.8
6.4
6.3
6.2
6.6
5.9
6.2
6.0
6.1
6.2
5.9
6.5
6.1
6.3
5.7
6.2
5.10
5.8
6.4
5.10
5.9
5.7
5.10
6.0
5.8
6.3
5.7
6.4
6.2
5.10
6.7
6.1
6.2
6.0
6.2
5.8
5.11
6.3
6.0
6.2
