190.5
185.4
172.7
190.5
193.0
172.7
188.0
175.3
182.9
177.8
180.3
170.2
175.3
175.3
188.0
188.0
193.0
188.0
182.9
193.0
172.7
182.9
175.3
180.3
177.8
185.4
185.4
193.0
172.7
185.4
190.5
188.0
195.6
195.6
177.8
175.3
195.6
188.0
177.8
193.0
175.3
177.8
193.0
188.0
182.9
180.3
205.7
193.0
188.0
190.5
185.4
200.7
195.6
190.5
175.3
190.5
177.8
193.0
177.8
175.3
193.0
190.5
185.4
188.0
188.0
190.5
172.7
172.7
190.5
180.3
175.3
190.5
193.0
188.0
188.0
167.6
193.0
195.6
188.0
180.3
195.6
180.3
188.0
193.0
165.1
175.3
185.4
195.6
170.2
182.9
172.7
180.3
188.0
193.0
193.0
193.0
193.0
172.7
170.2
188.0
195.6
172.7
182.9
175.3
180.3
188.0
175.3
177.8
182.9
188.0
198.1
175.3
175.3
180.3
175.3
172.7
193.0
190.5
188.0
198.1
175.3
188.0
182.9
185.4
188.0
175.3
195.6
185.4
190.5
170.2
188.0
177.8
172.7
193.0
177.8
175.3
170.2
177.8
182.9
172.7
190.5
170.2
193.0
188.0
177.8
200.7
185.4
188.0
182.9
188.0
172.7
180.3
190.5
182.9
188.0
